1520
6251
8699
2248
2125
7371
6117
2317
6662
3740
7905
56
2705
190
8927
8189
4662
767
1683
2843
1992
3504
242
6591
1506
5840
6987
8369
5532
9877
1518
6397
2930
2942
4078
632
1525
8520
6386
7292
9449
9540
1758
5908
7628
9083
5307
5680
367
5098
3859
990
4689
9716
6957
7882
7772
1868
7302
9882
6033
5181
1937
1805
9579
7390
2041
3223
2408
8866
1685
3771
9046
9436
3991
6571
9628
1201
4308
8703
2421
1811
3469
6343
4850
2218
32
2820
4848
1287
9229
350
5184
1192
6754
1683
5616
1384
9269
9276
2080
3748
7076
3208
1312
7615
9768
3197
3899
1439
1300
924
200
5474
3821
5876
727
6114
7437
6432
3707
369
9687
7823
3344
6620
8651
7699
5917
2335
2581
6216
1546
505
9906
5992
9010
1841
6790
8430
1392
6553
6205
8524
742
3995
5780
8616
2912
748
9930
9588
5238
2072
6938
6008
3815
6342
1425
3096
5807
9683
9152
4115
5428
4602
8062
9136
5083
8780
711
3220
704
7723
6686
4508
1937
5376
8237
5708
4823
3953
9293
1435
1178
8082
6562
6878
4870
9174
850
1605
4498
1478
9303
7577
1351
611
4819
2258
1928
7539
9382
346
370
7954
3672
5950
9881
2117
3
2372
6220
8538
3649
1160
3968
1165
3114
2186
9493
8538
9819
4580
5539
2726
3145
5339
4593
6910
3326
4862
8640
7500
1885
4443
4966
2999
1322
3418
5422
8991
7083
9628
2688
365
4454
6666
2772
355
1282
4416
9939
1111
8354
783
2978
7903
1803
9835
3014
6136
3687
5767
8413
3711
6523
1698
2981
8544
9597
5468
6582
6436
9891
4999
4966
3425
5351
1606
6530
2296
2585
3223
5268
5939
8561
6654
8615
5361
813
3297
6613
4685
8059
409
1259
638
9780
8509
2404
4290
3080
25
8924
3619
7486
2882
1874
4170
7114
7964
4384
3082
1374
6489
2555
3559
6863
5310
2843
7142
4888
8172
2134
4881
7361
2085
3768
9222
8309
214
7766
6438
5132
825
8480
2275
2762
7
69
4895
7104
6631
1720
4538
8714
4638
9483
4964
221
3403
5677
9443
4282
1734
1903
7031
1843
8967
3687
3462
2529
5146
758
6229
9904
3150
5641
4664
3041
2055
9222
9910
1300
283
5276
8511
5273
2157
9364
1426
9761
651
7306
764
627
3210
8719
2602
5200
7610
4849
6796
9512
3255
7884
2852
1878
433
4705
6527
1975
7451
9982
1088
3803
9576
5840
2244
5968
3024
1590
6781
3873
7296
7356
6677
9469
2658
3922
4120
8281
3299
5713
8922
7444
9642
6004
6324
3004
2633
1347
8805
1114
9622
2093
140
4317
3497
665
9615
3897
781
4804
2753
3673
5758
4010
8613
687
5000
2750
5843
5828
7916
1330
1551
7687
1500
5366
1629
9191
6971
8421
9339
2103
2287
5909
9631
4412
8391
5604
4314
3606
3521
2829
5844
5866
3853
3153
8224
6685
8235
5367
6835
4057
8245
5087
4492
6197
2087
8367
1410
6868
6764
335
8893
737
538
1040
2191
1117
2151
5715
4122
2183
1770
707
3712
8282
4106
1010
9587
5212
7372
743
6586
999
8174
3852
7898
4913
8645
5006
8254
4700
9980
1219
5211
5489
6328
2465
5626
9256
7970
9620
7037
3301
621
5317
3816
8742
9065
1917
9265
6776
339
575
6781
4786
1947
6660
8112
1201
1554
9762
4913
9978
7509
8045
1355
4728
3840
2348
5548
1036
5386
1767
1367
3440
7254
8777
1603
9618
5674
7222
1345
33
9793
2102
299
947
9664
2656
7591
192
3733
1091
1163
8852
5528
5259
1835
5233
3827
1088
6830
7380
4829
8333
9921
7020
6544
3901
8987
518
918
5728
2947
2169
3828
924
3844
2246
1678
4302
8321
9213
3985
9393
3894
1573
2414
7673
4655
4892
6620
4336
1460
6186
1734
4375
7795
3920
6351
3775
5813
3996
8216
507
4283
9568
7613
1273
7966
5549
4327
7384
7294
5068
7472
1938
4442
1214
5011
7262
6411
8577
9278
9058
7026
725
5127
2917
7325
6211
5697
1507
5954
7293
9342
4124
9971
874
8332
7467
2651
9550
6207
8256
483
7044
8492
176
4395
4211
8421
5516
3875
6509
9624
4751
5110
4284
6717
4336
447
4941
1427
5420
2024
507
8343
8085
3411
6230
3371
1676
700
9620
7261
993
4348
5745
168
4984
2255
8807
4747
1928
8441
7881
3134
3827
5329
7676
1299
9896
9546
1939
8816
1606
3527
5061
4522
4357
3793
4021
4628
6614
3718
5366
6201
2039
1681
4734
3481
7948
7617
4193
9881
6564
4174
5664
6376
1934
2790
3405
8346
592
4782
3067
643
9703
326
246
4621
8886
6334
9169
9412
9833
9525
8513
3817
7123
2770
5297
3145
7507
8122
6490
367
1338
8442
5120
4375
127
8400
7818
8548
2341
5096
8898
1827
8453
8365
1786
3061
6683
8373
8953
9621
8486
1806
539
8144
717
1197
54
4253
1020
7057
5564
518
8599
7164
1705
3896
3678
7992
7078
4424
5548
7719
5026
6353
4560
8457
5622
6829
464
7049
306
8289
8567
6692
9645
994
3456
4847
3687
4082
7266
1597
3208
3667
3812
7113
9859
2659
6305
6705
1429
8071
5107
4514
8093
3951
2020
3353
3599
3160
158
6169
7918
800
6740
8409
7718
2390
3067
6771
487
8992
2936
5771
675
2212
417
1373
2065
9516
9572
7928
7886
3696
3998
8701
35
3407
6454
8260
421
1841
9676
7647
3192
4969
9960
112
2508
7756
2709
8855
7980
6153
2046
2654
8486
5076
1804
18
292
6749
1461
5660
6990
9419
2668
2886
7652
6635
1637
6455
1199
7289
9816
1729
5644
1767
2547
4825
7121
6222
2964
4584
1057
2277
9345
2308
8736
8038
2006
8862
1202
7738
3923
3621
7545
1992
7677
3492
9992
3689
4861
770
6441
7750
1390
5153
5400
5408
9709
9157
9403
7401
7465
1725
3154
6906
3123
9301
4189
1922
8339
527
2406
6931
1861
374
5659
7165
4956
7870
1961
1768
9047
3384
3357
9389
2753
210
49
3548
6747
7203
7575
5606
6461
4709
7122
8060
8657
3897
6842
5652
6906
4054
3104
3932
671
2919
9932
9799
5063
4489
1124
9024
5984
1095
369
8867
8960
5596
3996
9594
9977
7846
4262
619
7659
5207
3244
4884
4693
690
8864
5720
7405
8502
8163
8122
9168
8957
7200
203
9524
8872
41
8782
7094
1099
2494
4642
4041
9494
9121
2840
6367
9085
1093
1466
8622
4462
5679
1445
7727
7212
4644
5107
4446
1314
7721
2214
1418
9203
6103
7871
6622
259
2618
7828
2394
219
9395
4603
1806
3549
190
5761
5766
7821
8970
9538
8473
5962
3894
5383
5158
1082
1777
8994
2148
2183
7384
3051
693
5381
7849
4660
7184
9434
4849
5741
2899
8628
6062
3653
1408
4646
8279
5535
6795
4311
4689
9670
4444
5301
3766
7542
7954
4686
4492
3899
7664
3328
8155
9672
8827
3485
2388
3331
3726
580
1083
9765
3174
8436
2391
2322
8975
2432
1355
8873
7452
3791
402
6077
2356
6917
3458
9925
7355
7005
4676
3148
8976
5918
4630
1941
3795
8351
4320
7569
1638
2244
7731
6002
8188
1726
5459
5867
154
2824
8179
5744
1405
5349
5272
5555
2145
3581
9291
1659
5922
9984
5295
7742
2771
7890
4957
411
8699
1984
2952
996
27
8361
7535
5978
5432
1114
8854
8755
9499
2167
7213
6573
5297
3210
8737
4876
7350
5054
8107
3030
8434
1557
8829
827
8150
7221
8243
7417
3408
2708
4998
2572
2229
4844
2805
131
3423
1345
3529
3305
119
2084
2560
3158
972
4493
4284
426
7885
8335
9459
1905
5809
6327
300
3293
7925
8908
5889
2227
6471
7238
8642
6586
4489
3202
3976
1108
979
5010
2714
6611
9215
149
5604
922
7203
2320
1455
6498
8622
7184
3380
6752
8993
9060
8373
3710
2666
7724
7259
8250
4330
6676
7948
7794
3366
8686
7820
3287
6284
3220
601
8807
5338
8190
4016
9099
8587
5468
1160
6563
4014
2824
197
3745
1110
5760
8059
1351
7555
2463
4098
7401
9720
4096
1710
3329
9145
3532
7873
6257
1128
405
3390
2910
8148
1435
3971
7965
3928
7889
4035
4262
8686
5085
6939
9567
6540
7926
7090
6302
4649
4718
6165
4852
2407
6640
7631
8151
8961
9051
9530
1247
7723
5271
2447
5016
6608
8493
9404
1086
629
2590
46
5333
567
9888
6647
8893
4022
9267
8673
1253
1357
2378
2911
9763
907
1217
9680
1492
6066
7583
6494
3356
1602
4645
3705
6030
3529
3397
2052
3504
5100
5777
8044
7022
5113
6332
2610
4408
1772
499
8529
996
1251
3035
2449
4741
2244
665
9416
1480
3578
2931
6019
8093
9350
7977
4899
8529
4896
8807
4983
506
8185
8618
6869
2495
8551
2598
8915
8649
3813
8167
3998
4804
9631
2024
8738
1498
7098
5837
6994
2169
2749
3650
3789
7104
799
4243
6566
9670
5385
7656
9784
2732
1244
3113
2404
511
126
4084
8642
6516
6379
2754
4748
6878
6754
4529
8045
4670
9488
9250
5922
7606
7571
3047
1073
429
8564
568
7093
7569
4023
5735
4009
8806
1515
4250
9735
6100
3733
6995
711
1906
7604
4579
7408
2392
9665
4612
5510
5529
9522
7086
9965
1946
1159
7017
621
9216
8319
7243
1801
9120
6423
6966
2248
1199
6965
6626
6748
838
3806
5730
9203
7203
5796
1836
7859
5936
5186
8304
5216
7824
5603
8896
6807
1555
1976
3150
7566
6953
3319
8319
2817
3086
2660
3269
1498
3624
5121
8187
1720
2869
4492
8198
1826
9668
7170
5438
3475
9948
4100
3376
1672
6531
4796
481
816
2506
6466
8843
4203
1267
7735
7376
1070
9402
4786
2822
1210
9608
7806
8477
4692
8250
3757
7482
7793
1106
3584
6742
8945
8933
9786
5243
4693
4392
5322
5506
4126
6719
8931
768
7054
7783
9538
5532
9940
7010
731
8946
9330
2076
6257
1493
2062
9792
2584
8236
435
3687
9308
2311
7302
5588
2553
3121
6632
4620
3172
1856
1051
5308
4305
4519
3574
6718
4753
1884
1567
6374
2985
2110
3165
2158
8156
2735
4006
8313
102
9388
6903
6261
1506
1040
5927
7582
1420
3978
5204
6088
7919
2445
9524
979
6467
7492
7758
206
866
2353
6983
4078
1567
5413
1481
8659
9969
8112
4440
6500
7000
2493
4854
794
5662
9706
8794
1963
4725
1205
3230
8938
7760
5610
1421
2364
5234
9387
7945
5189
6984
3488
4667
3867
6138
2163
8461
5235
8398
9368
6995
1947
7326
4698
9158
9553
2419
5057
5657
4367
2604
2061
8677
2651
159
4646
9251
2482
8564
2226
3300
426
3313
240
3696
4513
2151
224
4852
7082
7113
8243
2514
4156
14
6153
3601
4146
257
3206
9864
698
6968
1180
100
3938
944
2412
9541
7788
1329
6258
4208
4157
1088
3296
5057
5284
1246
8093
8707
7138
7464
2483
3986
2982
1117
7469
4639
6469
917
6901
150
6719
1769
5213
4933
4563
2348
167
2166
4557
9579
4825
5358
4990
2956
3593
7463
5607
9231
9162
4915
6402
2182
6413
8440
2841
8097
7613
9131
5959
2713
3705
5996
6180
2990
8999
1848
795
670
5519
2365
7031
3012
6459
3275
1520
9092
4242
7745
3542
6072
5536
3395
5504
7104
1386
3435
7369
5360
5944
6803
4452
9850
8111
2438
5455
5221
7910
9679
3971
8762
1221
813
3504
5551
9759
2837
38
2439
4321
8662
2105
7223
5485
4983
249
574
1544
2149
4297
2373
3549
797
3892
8594
6303
1802
6474
1472
2645
8790
1480
9234
4003
8140
5965
6495
1146
1587
2703
2527
5884
7635
8945
4599
4046
5589
9252
6554
6748
1299
7206
2515
935
8796
7230
9793
2783
6503
9505
4736
539
7628
9230
266
7274
1888
5092
7178
4204
5666
5611
4731
3578
1460
4798
8578
7104
742
3191
8318
7068
3671
1041
9271
4045
742
932
391
2987
6979
9116
2036
6570
2942
4601
5792
888
7230
790
4502
2812
9371
7730
1455
9410
4813
9305
157
3178
3186
1555
5502
2876
9375
3580
451
4898
9013
7758
7421
2738
1078
7407
5770
6737
5936
7268
8382
9365
9024
9604
4998
8861
9024
3170
9602
9874
6215
6054
1167
8550
7645
7141
2213
5697
1820
3508
4617
2068
520
6674
8413
1331
5136
5305
3773
2550
8108
5054
4954
4610
3564
7882
5011
669
4147
8220
3294
5646
4630
5125
3059
9085
707
2008
7513
2162
843
3640
6660
3317
6921
8234
8207
9112
7838
8762
5338
7148
1010
4086
7222
4497
4954
6972
2313
9047
4927
8333
2954
7596
4270
9979
3718
2577
5733
372
4562
9689
2463
7200
6268
1102
4880
5026
9806
9759
7941
9829
4766
2504
6461
535
3684
1888
7917
5306
3252
5541
5946
9143
3982
6998
7124
2825
8198
4086
9382
2128
5626
6250
3072
7031
9679
7660
2410
4941
679
4050
8924
9362
8595
9244
9522
6648
9635
7403
1523
2219
30
1757
2471
9158
7084
4747
2191
2873
5770
3565
5135
8598
8139
3344
4664
4369
8089
3249
5807
4695
4566
7225
1812
1331
6727
6906
9586
7918
5307
7236
2644
1067
1417
9811
1388
3828
2084
8207
6047
3246
1767
5765
8306
9459
4317
8781
2127
8522
5836
4811
9341
9974
2462
4842
753
3607
4720
2074
3817
1676
9151
7645
9773
8197
7013
5948
8495
7779
3587
3718
3126
7989
4218
8236
3905
508
2634
4364
115
6972
5661
4795
7406
4419
6148
6790
3139
9543
1990
461
879
9325
5291
2303
952
6623
6478
3583
7358
9172
6874
2403
1957
5888
5276
7107
9822
9035
337
1031
8199
1926
2334
294
229
5951
3024
2351
6445
9095
8993
9421
8216
4944
3924
72
7571
8474
7981
1218
1281
7033
759
8951
935
512
4972
6297
5373
5411
3407
1833
1132
1471
3306
3037
9398
2330
8672
4629
5327
2851
1320
8110
5535
4605
8855
3679
727
1943
1449
2720
872
6050
8981
2994
7803
2694
8506
6196
5520
9411
5384
3741
1763
4221
4322
4099
2534
7665
8946
3420
6343
3601
5874
7247
4244
8636
6288
1492
6693
3355
7955
954
1988
6811
2425
3985
8701
6204
8444
6538
4296
7942
4321
2086
2447
9367
7179
3500
9128
1856
9707
6527
9861
7591
8836
2951
4595
3692
1030
303
2388
2330
6035
4752
655
6472
5865
4133
7485
3054
6139
2964
1018
4944
3558
9734
9924
953
5891
7701
3147
6921
5133
2749
2846
1642
1735
3710
1658
2394
9728
482
8566
5998
8342
4142
1123
892
5256
8085
1971
7214
7657
7273
6657
5938
2627
4356
1298
27
3464
4816
6826
9949
5022
6538
3390
2689
5778
6413
7915
248
5319
9389
6304
5989
4593
3959
3405
6285
7373
1923
7423
9986
3912
1728
7220
195
2438
3262
1784
8484
6126
4503
90
6531
3022
7528
5185
7645
232
2219
1258
6955
1052
4238
6243
5033
5454
142
6211
719
88
5060
3471
8638
8939
1189
6244
3489
6615
1666
69
9707
3595
7025
1408
1066
8216
2923
133
6974
1747
8963
2687
1214
4976
1725
8205
9453
7375
7835
3129
6198
3992
7279
8994
6229
6515
4357
2295
2851
4656
6021
494
479
1107
742
5227
3410
9897
9167
8043
2679
6468
4921
8023
2760
1463
4832
8643
2335
5323
1554
1728
4994
3060
2751
2007
5903
1433
7132
842
6983
1203
9511
3983
6894
1158
3751
7563
3557
5834
2901
7591
859
9354
2918
2493
7586
4589
7566
7845
5839
8758
7501
5051
2065
7419
6291
7318
8130
3424
1879
5030
7129
1335
1980
3996
9210
8108
2204
442
9507
1952
4818
1418
4898
7023
3252
4525
3625
4753
261
5664
3925
7074
429
7657
1972
9277
4399
3302
4052
3083
8273
3248
5620
4974
3320
1793
4678
1107
8425
169
5582
512
613
2246
4192
2070
2732
4169
596
6886
9250
7220
4915
1562
5003
6830
6672
9156
8582
11
3928
5876
5811
9915
3930
9451
9017
9954
3515
5445
7307
3990
9018
5405
4409
7441
8076
1822
8861
8418
1000
5580
1388
7597
7756
1610
2879
3245
7618
7434
4246
3712
6872
4531
2621
8695
9831
7178
4587
5669
8968
9121
8189
4452
6325
8010
7534
8251
7661
3269
4921
3869
7528
2252
4341
8127
6780
6278
5852
4604
8456
8967
3116
9609
2602
385
2369
2941
3311
1251
9165
1359
7152
47
1556
1991
5525
7272
732
9161
4666
9719
5330
9511
3486
4754
7285
6795
3978
9279
6712
8963
9534
3914
2789
8071
2011
157
6477
9042
8316
5489
4419
1744
5313
7618
4689
3156
8553
3712
4149
768
5139
3840
8651
7969
4467
7383
9860
5476
3814
1951
376
3061
5990
3442
1133
2674
8320
3416
5719
2465
6170
1217
1121
1363
7437
5226
2380
7225
3276
3942
3819
3054
6398
6039
5421
8186
3500
8628
1297
4815
9396
3802
9397
388
468
6727
9902
3777
2870
6271
5464
3904
5849
8557
9971
4735
3802
4321
8098
4017
7044
4250
4108
5880
3518
7929
4801
5020
8503
6201
6626
5178
3569
2691
5000
7706
7736
7147
5607
7877
131
7659
9790
6979
3051
1304
6609
2878
9424
6436
262
2999
2870
5501
1643
8271
808
3477
7474
2485
552
4772
9858
2551
4756
7240
2320
8879
5969
7963
2152
4453
3660
7475
9536
9800
9590
5651
8818
4147
645
1582
9014
5941
1042
6984
121
276
9913
5646
1961
98
958
7732
5526
8506
1717
9528
7775
299
5179
9600
1469
7783
3739
3519
9111
4663
2335
8302
9900
7240
6051
281
1240
5150
309
8815
9214
78
6834
5055
9178
1958
9347
1115
2342
796
7975
5944
80
7496
2181
635
5070
249
7735
2367
8124
1805
2972
8331
4910
1631
4745
9297
8291
9927
8085
2042
770
2119
3540
8631
7360
6154
210
7042
9974
7234
8774
9339
1386
6440
3813
6430
1715
7188
7663
7868
5669
3085
1846
6108
910
5958
7844
5740
3493
6203
3989
3192
7213
9594
7487
9979
2857
1922
561
6452
3305
5466
9082
2399
2423
2182
1462
1253
1131
5654
9137
3593
7855
9135
5094
2876
7664
6202
8610
7957
8962
4394
2555
8283
6884
8439
1438
8684
7049
2927
6981
4511
9767
9417
6367
1634
8193
8642
1103
7710
7639
1660
5760
8778
5480
1937
2920
9995
3549
7938
9717
1297
123
297
6317
6553
6484
7532
7260
93
4766
6697
1075
6277
162
934
3843
2470
1376
884
9632
9802
8125
5661
776
9020
5865
8190
3800
7058
7927
7438
4586
3736
9546
9777
4633
1746
1789
1875
9659
226
8686
2395
5190
3288
5366
5303
3277
1314
9273
7383
7897
5064
5147
8466
8352
3653
6250
6769
4993
6609
3482
999
380
7664
4377
9109
1473
6994
2923
5248
276
9180
1103
8323
2413
9596
7671
2387
8350
9996
5878
1743
5494
9210
2204
3415
7627
5626
8671
8919
1674
3094
5610
6212
5765
7265
8130
3552
5150
507
3145
539
1392
2179
6144
6840
3983
7443
8669
7968
9636
9460
2711
4449
6467
6797
4384
6434
4614
215
2545
5563
9818
2855
6197
662
7668
389
5582
6151
2870
4497
6323
7152
8508
7492
1645
5085
6288
5021
6813
5614
5020
3929
1368
886
6761
6100
3671
5824
896
9904
5522
8771
8001
4218
4193
5038
7386
6802
7544
4914
3140
498
5339
2818
8259
3184
7343
4926
5243
7298
8584
1360
6345
4715
5456
1604
9343
2916
871
1525
8239
523
141
1094
4882
9436
4678
4972
8822
9472
9445
3649
2352
1005
1703
8479
8286
6025
9551
3903
2872
2047
5851
3427
7408
6274
9114
6165
4301
4675
3025
5497
100
7004
2623
7526
8325
1604
5837
308
3419
5077
8569
5229
7427
6328
5731
5645
4545
5864
4604
5059
1307
7310
8763
4566
493
2170
5774
3734
2564
2932
8405
7033
4438
2116
8654
6718
7038
1515
7832
4894
6470
7567
7815
7840
3404
1285
2700
5157
2088
157
7725
797
8084
5538
7971
4814
7673
480
171
1528
7021
3146
8872
9882
7030
4637
9456
1045
5869
6402
6903
6971
5744
3300
2865
3093
2455
4352
809
1724
5236
118
3490
1484
7550
9562
6875
1734
7230
9114
3256
9682
308
4288
8762
1359
2055
5822
6971
8720
3417
4698
3157
6291
4756
4848
3757
7058
8803
6394
1914
9298
4317
101
7709
9506
5241
4520
3635
320
6005
2412
2956
2477
3604
1235
6868
5596
2777
2595
6151
7759
5827
3377
275
5863
3866
6546
3418
6994
8677
8063
1934
8854
152
2434
4292
4185
3893
1715
6271
6879
7712
5100
2335
9356
8717
593
4435
4108
4873
8400
1177
3635
7015
3037
4547
8927
5946
4645
4468
637
674
3135
539
2111
715
5327
4029
5712
4949
7898
2443
5292
2578
437
6203
3842
8333
7543
1784
2810
8634
4019
1271
4246
1045
5798
1634
5745
4615
9468
2873
1689
813
3837
2994
8282
7743
2250
440
5567
3021
8365
8481
5860
4302
4325
3676
5507
9829
6667
3054
8238
6383
5968
2676
481
9748
9623
3634
7511
4435
6999
1503
2332
7554
1829
4273
799
9558
4941
9622
8293
9648
9199
9940
8965
6846
5595
6617
2966
8239
9612
5477
613
5396
6520
8908
1058
6496
3202
8298
6420
2023
84
8986
969
7448
8330
9806
4753
2656
995
6107
9581
5879
5535
445
8959
6819
1540
234
37
7546
1465
1934
9422
3429
1484
4154
6579
8799
5026
307
432
4976
5659
5735
7767
3696
955
7181
1699
2195
2410
75
777
6491
1963
7267
1885
3534
9301
1494
2773
3149
2054
498
2519
4448
1298
8510
5804
5128
1172
3485
7972
8870
7309
657
5187
8373
2704
574
6164
1112
4216
2428
4723
5367
7858
4928
4149
6450
5915
6968
1945
4101
7783
1660
6366
7412
2796
8540
2595
3341
1896
3902
5723
1755
5358
7517
3133
6252
6439
2093
9366
9997
142
5424
3331
2514
3484
9599
5155
5207
7245
6278
5381
1859
4546
8885
9667
4650
6083
3257
3267
901
5565
9609
6577
5498
1223
4810
3444
1280
3961
3887
38
4184
8386
5465
8995
6229
8901
4125
3070
4371
3225
4400
6844
4877
5400
3156
21
3281
6709
6729
9323
3335
4788
7082
4813
7668
4556
770
7286
1547
3317
2422
3944
8198
5942
9011
5483
2049
2837
499
3695
6823
1990
1074
8484
8365
9384
4973
6458
7191
6430
2438
9341
241
6040
9805
1879
2304
331
6033
2011
2074
8702
5209
2094
381
6176
4726
3259
2381
9883
7011
3970
9547
6468
5832
1203
18
2179
4911
2353
1361
5244
1331
7713
9116
4372
7681
8200
8224
9667
4046
5823
5125
2050
9733
2708
4937
6071
3937
1450
2077
4727
744
3346
2764
9724
4321
5791
9929
1805
8322
6473
4913
4811
1819
9602
2839
3846
5864
3575
6109
4160
9966
931
3116
6391
6551
718
6718
5302
682
91
4736
6743
5245
4576
144
4628
4431
3160
5090
7193
2744
7574
7358
8667
2382
8125
9199
5600
9588
8810
6050
7322
8769
7148
213
1696
1560
3369
8445
2756
7334
1075
7268
2137
850
1101
742
7801
1633
3453
9439
3499
9178
9251
9835
2064
2534
550
7821
3469
7702
2047
9683
4404
381
8386
7575
5982
7293
8317
8775
6914
6637
3355
7665
7118
2627
3005
2619
9084
3503
9868
3680
5788
7148
7746
2884
3375
6214
3668
6104
6191
5584
9639
5468
517
6065
9567
3000
6665
2329
3519
5856
3589
1921
3669
1558
3958
5129
5812
2519
7246
5056
5263
5015
1463
4767
4677
7561
9365
247
2410
5628
9333
2357
1992
1531
1945
9339
8974
1688
5430
9247
7272
5017
2910
7844
820
5017
495
6226
5905
7722
8390
7100
3489
8364
9357
7813
5648
4262
5362
3241
8579
105
6203
1832
9217
2470
428
6853
211
650
8524
5389
7712
8129
4541
3111
745
1066
6291
6766
5236
571
3088
8
5013
1958
5255
6754
2755
9959
8366
8066
2550
5541
4063
545
9512
207
7114
3625
6829
219
1267
9016
2672
9012
4852
7854
589
7111
5006
2492
1483
2222
6565
2370
7371
62
2978
7734
1805
1003
4049
6686
3714
4698
6233
507
8454
8425
31
6823
1644
7516
7543
1424
1652
5977
5279
7049
6445
431
5596
7016
3289
9029
2719
4326
4522
1380
7328
9892
2175
9131
5596
9179
549
2970
4093
2048
9707
6368
355
7086
9351
7549
6116
7517
3327
5491
7943
196
3605
7710
9397
6006
323
86
2373
8751
706
2845
3257
709
1332
8264
5089
4590
3552
3107
2817
2898
9009
164
6685
8694
4876
1421
6782
8151
7084
9982
1280
5422
6232
5029
4061
3686
6461
621
6760
3372
1865
9802
8484
2338
1243
3395
9453
301
3723
5991
2904
2886
1167
6786
446
7686
6685
7757
4829
2359
6224
2466
3553
8241
7194
9172
4477
9631
5674
3997
7615
5433
5647
4949
3302
9568
9069
2699
7276
9351
1530
6188
8051
1714
8664
481
3205
4121
6457
3710
9681
4544
9027
7117
1981
3769
6770
5676
6701
4175
9740
2295
9182
4484
138
8302
9389
450
4955
8169
376
1590
9379
1745
1133
7914
3299
3186
377
3419
7758
1073
7740
957
9978
4504
2828
6945
7028
2019
9817
4062
1082
1622
4755
1847
3287
9193
7575
6536
9648
7699
5303
2058
2928
328
7382
388
2487
3244
7156
2578
5748
4660
5688
8505
2956
4192
3128
2987
9422
4475
8381
532
753
3359
1338
233
1874
4711
8503
2231
9206
6946
2653
3711
7063
2749
8326
974
4110
4333
5254
3119
4712
7678
3464
8391
5754
1092
1023
5206
7205
9396
125
8310
2175
4379
1657
1819
9573
970
6469
5714
304
274
4459
3697
2801
357
5730
1321
1066
1911
6865
6714
3598
3281
1915
4608
9482
2198
4053
8792
4638
6227
1170
5929
1492
7001
1015
467
5867
277
855
7938
1698
8743
6193
6716
9930
9578
5190
3887
1224
1341
6980
4173
2455
6775
2046
7039
8327
2404
8461
1193
7112
3598
9388
2858
9745
5614
9108
8470
6469
8368
9487
4480
3182
3728
4130
2485
7792
9693
1689
6865
1376
9571
3868
6483
188
6534
1889
2857
6702
941
8019
1480
2166
736
4581
6546
6017
9586
3318
8156
5259
7218
5558
9042
8495
3956
3563
1913
3112
6027
3575
3967
6076
4805
1798
4414
8118
8175
4438
8804
4281
3658
8935
2927
8233
2889
5416
4686
8561
4811
4785
7589
3516
9696
440
882
6553
3995
2062
4932
1033
221
5889
8197
9501
4217
3868
4083
2634
3433
9176
6646
9915
5773
5678
6915
3860
1035
9562
5447
9187
9770
4698
1410
8668
1653
6329
7437
5537
7778
5282
1557
7561
3009
1366
9166
330
3295
6519
5347
8634
8199
2935
5663
8591
4788
8420
8250
4159
2563
1844
5927
6767
7038
786
7034
4120
6496
5287
1108
3608
9153
2224
4998
6502
8486
1975
7364
5110
4279
7343
2386
7847
7404
2749
4207
3285
6690
9919
438
6962
5948
3375
648
281
4117
1924
5123
8907
299
8028
1058
3819
3975
1900
9061
8028
9698
4021
9499
7282
8627
6888
7900
5233
789
9844
694
7439
5153
4608
621
5709
5104
476
6312
3928
5129
6762
5863
1845
4415
2454
2216
8014
728
5981
858
663
7022
16
993
1426
2406
9443
2073
6641
8751
3072
5366
1851
8526
8535
24
6451
5198
896
5296
5895
7316
997
4035
318
7970
8381
4068
565
8961
3208
6653
7846
4510
8020
6710
559
8542
9319
1609
3692
6526
3511
6063
878
9146
6836
6208
1231
5421
3831
4683
872
3038
223
1684
2082
2928
4813
9665
8461
8445
7060
2901
759
2508
3064
4387
1575
1513
3567
3865
6098
1587
2114
1832
8112
4962
2054
5884
6760
8071
7795
4940
5293
2593
9071
8413
8419
3429
8898
3972
3051
4655
3413
3429
1163
9402
6570
159
3331
9677
7508
1098
2370
5257
7837
1637
2935
8442
8157
9663
901
2623
9007
2628
1336
8550
3262
4435
7695
1044
6462
5281
6324
6431
960
2273
5324
7170
9115
7355
5682
3278
2776
1680
9844
6084
9898
723
6294
2674
7241
55
8386
8967
9827
2277
8698
5067
1846
4016
162
4153
6555
1202
9301
5806
5020
3755
5154
2595
1687
9881
1108
1580
4799
1744
3202
4800
4819
5684
2982
9498
7189
7190
6697
4056
8773
3134
2504
7223
816
4501
4686
8508
2613
511
637
9959
9932
237
6237
9463
6899
5326
8789
282
504
4961
9657
9078
2275
8246
4000
6897
3790
2916
5025
4617
7810
2075
2286
7729
1299
3937
7842
3196
6758
3578
5040
7907
66
5012
9408
7191
100
3939
4698
7417
3246
3393
8878
72
5732
5009
5293
6375
8791
5435
1663
3835
7682
2962
3965
1390
2821
1254
7822
573
3210
2918
7800
8150
3179
5930
3492
8660
7258
164
9023
5846
1082
5897
642
6823
5492
1012
3826
7747
4425
1948
7133
8532
8383
2595
2949
3674
6392
9394
601
1230
1092
7297
1230
8131
7633
3133
1698
6880
4629
1014
6983
2873
8279
7255
6887
9027
3254
7272
1835
2540
8501
9711
1187
9069
1430
5022
5968
1351
8506
3002
1009
9998
3694
1044
6684
5938
1900
6575
7075
9666
9895
5021
2703
736
8619
2184
1457
1639
4974
932
8977
5317
8071
4848
8786
7475
7640
4475
1397
9846
6013
3522
6957
2055
3279
3417
8285
4135
1045
6095
6876
3263
4478
3925
6792
2647
6428
8543
8133
9935
3980
998
6163
1739
6410
1865
5506
5256
9529
1139
856
5577
3408
3809
7907
2129
1410
2547
6096
1935
2158
2939
4473
3349
5704
4558
310
9107
7186
9866
9878
3362
214
1188
9010
6939
7022
9210
5083
1125
3244
9667
818
4131
4730
9947
6812
2975
8285
8918
7580
6806
6460
2588
9778
3339
111
6081
7473
1000
1611
2501
3251
1213
3896
372
968
8664
8694
5142
2498
6785
5280
2089
1812
4578
7612
767
2444
4694
5812
2517
2444
2555
1608
4666
6468
3808
9981
5098
8977
2252
7396
646
5113
936
1165
4571
5022
8922
6682
3143
5488
660
8369
1685
9276
58
1539
6907
549
3020
3456
4800
7897
5328
624
5025
959
1809
2071
5485
4471
4084
8308
3934
8379
9019
2988
9197
8791
2318
8067
4613
5762
9165
3772
8827
2699
8128
7426
7260
6954
737
6350
9201
259
3043
8814
2224
1952
5051
9092
8863
3709
5218
